{
 "cells": [
  {
   "source": [
    "### Exploring the college dataset"
   ],
   "cell_type": "markdown",
   "metadata": {}
  },
  {
   "cell_type": "code",
   "execution_count": 1,
   "metadata": {},
   "outputs": [],
   "source": [
    "import pandas as pd\n",
    "import numpy as np\n",
    "import cufflinks as cf\n",
    "import plotly\n",
    "import plotly.express as px\n",
    "import plotly.graph_objs as go\n",
    "import plotly.figure_factory as ff\n",
    "from plotly.subplots import make_subplots"
   ]
  },
  {
   "cell_type": "markdown",
   "metadata": {},
   "source": [
    "Setting up the standard libraries for EDA. We will be using Plotly to visualize the data. "
   ]
  },
  {
   "cell_type": "code",
   "execution_count": 2,
   "metadata": {},
   "outputs": [
    {
     "output_type": "execute_result",
     "data": {
      "text/plain": [
       "                     Unnamed: 0 Private  Apps  Accept  Enroll  Top10perc  \\\n",
       "0  Abilene Christian University     Yes  1660    1232     721         23   \n",
       "1            Adelphi University     Yes  2186    1924     512         16   \n",
       "2                Adrian College     Yes  1428    1097     336         22   \n",
       "3           Agnes Scott College     Yes   417     349     137         60   \n",
       "4     Alaska Pacific University     Yes   193     146      55         16   \n",
       "\n",
       "   Top25perc  F.Undergrad  P.Undergrad  Outstate  Room.Board  Books  Personal  \\\n",
       "0         52         2885          537      7440        3300    450      2200   \n",
       "1         29         2683         1227     12280        6450    750      1500   \n",
       "2         50         1036           99     11250        3750    400      1165   \n",
       "3         89          510           63     12960        5450    450       875   \n",
       "4         44          249          869      7560        4120    800      1500   \n",
       "\n",
       "   PhD  Terminal  S.F.Ratio  perc.alumni  Expend  Grad.Rate  \n",
       "0   70        78       18.1           12    7041         60  \n",
       "1   29        30       12.2           16   10527         56  \n",
       "2   53        66       12.9           30    8735         54  \n",
       "3   92        97        7.7           37   19016         59  \n",
       "4   76        72       11.9            2   10922         15  "
      ],
      "text/html": "<div>\n<style scoped>\n    .dataframe tbody tr th:only-of-type {\n        vertical-align: middle;\n    }\n\n    .dataframe tbody tr th {\n        vertical-align: top;\n    }\n\n    .dataframe thead th {\n        text-align: right;\n    }\n</style>\n<table border=\"1\" class=\"dataframe\">\n  <thead>\n    <tr style=\"text-align: right;\">\n      <th></th>\n      <th>Unnamed: 0</th>\n      <th>Private</th>\n      <th>Apps</th>\n      <th>Accept</th>\n      <th>Enroll</th>\n      <th>Top10perc</th>\n      <th>Top25perc</th>\n      <th>F.Undergrad</th>\n      <th>P.Undergrad</th>\n      <th>Outstate</th>\n      <th>Room.Board</th>\n      <th>Books</th>\n      <th>Personal</th>\n      <th>PhD</th>\n      <th>Terminal</th>\n      <th>S.F.Ratio</th>\n      <th>perc.alumni</th>\n      <th>Expend</th>\n      <th>Grad.Rate</th>\n    </tr>\n  </thead>\n  <tbody>\n    <tr>\n      <th>0</th>\n      <td>Abilene Christian University</td>\n      <td>Yes</td>\n      <td>1660</td>\n      <td>1232</td>\n      <td>721</td>\n      <td>23</td>\n      <td>52</td>\n      <td>2885</td>\n      <td>537</td>\n      <td>7440</td>\n      <td>3300</td>\n      <td>450</td>\n      <td>2200</td>\n      <td>70</td>\n      <td>78</td>\n      <td>18.1</td>\n      <td>12</td>\n      <td>7041</td>\n      <td>60</td>\n    </tr>\n    <tr>\n      <th>1</th>\n      <td>Adelphi University</td>\n      <td>Yes</td>\n      <td>2186</td>\n      <td>1924</td>\n      <td>512</td>\n      <td>16</td>\n      <td>29</td>\n      <td>2683</td>\n      <td>1227</td>\n      <td>12280</td>\n      <td>6450</td>\n      <td>750</td>\n      <td>1500</td>\n      <td>29</td>\n      <td>30</td>\n      <td>12.2</td>\n      <td>16</td>\n      <td>10527</td>\n      <td>56</td>\n    </tr>\n    <tr>\n      <th>2</th>\n      <td>Adrian College</td>\n      <td>Yes</td>\n      <td>1428</td>\n      <td>1097</td>\n      <td>336</td>\n      <td>22</td>\n      <td>50</td>\n      <td>1036</td>\n      <td>99</td>\n      <td>11250</td>\n      <td>3750</td>\n      <td>400</td>\n      <td>1165</td>\n      <td>53</td>\n      <td>66</td>\n      <td>12.9</td>\n      <td>30</td>\n      <td>8735</td>\n      <td>54</td>\n    </tr>\n    <tr>\n      <th>3</th>\n      <td>Agnes Scott College</td>\n      <td>Yes</td>\n      <td>417</td>\n      <td>349</td>\n      <td>137</td>\n      <td>60</td>\n      <td>89</td>\n      <td>510</td>\n      <td>63</td>\n      <td>12960</td>\n      <td>5450</td>\n      <td>450</td>\n      <td>875</td>\n      <td>92</td>\n      <td>97</td>\n      <td>7.7</td>\n      <td>37</td>\n      <td>19016</td>\n      <td>59</td>\n    </tr>\n    <tr>\n      <th>4</th>\n      <td>Alaska Pacific University</td>\n      <td>Yes</td>\n      <td>193</td>\n      <td>146</td>\n      <td>55</td>\n      <td>16</td>\n      <td>44</td>\n      <td>249</td>\n      <td>869</td>\n      <td>7560</td>\n      <td>4120</td>\n      <td>800</td>\n      <td>1500</td>\n      <td>76</td>\n      <td>72</td>\n      <td>11.9</td>\n      <td>2</td>\n      <td>10922</td>\n      <td>15</td>\n    </tr>\n  </tbody>\n</table>\n</div>"
     },
     "metadata": {},
     "execution_count": 2
    }
   ],
   "source": [
    "college_data = pd.read_csv(\"College.csv\")\n",
    "college_data.head()"
   ]
  },
  {
   "cell_type": "markdown",
   "metadata": {},
   "source": [
    "We need to rename the first column as well as change the Private column to be a numerical variable (1 if the university is private and 0 otherwise)."
   ]
  },
  {
   "cell_type": "code",
   "execution_count": 3,
   "metadata": {},
   "outputs": [
    {
     "output_type": "execute_result",
     "data": {
      "text/plain": [
       "                     University Private  Apps  Accept  Enroll  Top10perc  \\\n",
       "0  Abilene Christian University     Yes  1660    1232     721         23   \n",
       "1            Adelphi University     Yes  2186    1924     512         16   \n",
       "2                Adrian College     Yes  1428    1097     336         22   \n",
       "3           Agnes Scott College     Yes   417     349     137         60   \n",
       "4     Alaska Pacific University     Yes   193     146      55         16   \n",
       "\n",
       "   Top25perc  F.Undergrad  P.Undergrad  Outstate  Room.Board  Books  Personal  \\\n",
       "0         52         2885          537      7440        3300    450      2200   \n",
       "1         29         2683         1227     12280        6450    750      1500   \n",
       "2         50         1036           99     11250        3750    400      1165   \n",
       "3         89          510           63     12960        5450    450       875   \n",
       "4         44          249          869      7560        4120    800      1500   \n",
       "\n",
       "   PhD  Terminal  S.F.Ratio  perc.alumni  Expend  Grad.Rate  \n",
       "0   70        78       18.1           12    7041         60  \n",
       "1   29        30       12.2           16   10527         56  \n",
       "2   53        66       12.9           30    8735         54  \n",
       "3   92        97        7.7           37   19016         59  \n",
       "4   76        72       11.9            2   10922         15  "
      ],
      "text/html": "<div>\n<style scoped>\n    .dataframe tbody tr th:only-of-type {\n        vertical-align: middle;\n    }\n\n    .dataframe tbody tr th {\n        vertical-align: top;\n    }\n\n    .dataframe thead th {\n        text-align: right;\n    }\n</style>\n<table border=\"1\" class=\"dataframe\">\n  <thead>\n    <tr style=\"text-align: right;\">\n      <th></th>\n      <th>University</th>\n      <th>Private</th>\n      <th>Apps</th>\n      <th>Accept</th>\n      <th>Enroll</th>\n      <th>Top10perc</th>\n      <th>Top25perc</th>\n      <th>F.Undergrad</th>\n      <th>P.Undergrad</th>\n      <th>Outstate</th>\n      <th>Room.Board</th>\n      <th>Books</th>\n      <th>Personal</th>\n      <th>PhD</th>\n      <th>Terminal</th>\n      <th>S.F.Ratio</th>\n      <th>perc.alumni</th>\n      <th>Expend</th>\n      <th>Grad.Rate</th>\n    </tr>\n  </thead>\n  <tbody>\n    <tr>\n      <th>0</th>\n      <td>Abilene Christian University</td>\n      <td>Yes</td>\n      <td>1660</td>\n      <td>1232</td>\n      <td>721</td>\n      <td>23</td>\n      <td>52</td>\n      <td>2885</td>\n      <td>537</td>\n      <td>7440</td>\n      <td>3300</td>\n      <td>450</td>\n      <td>2200</td>\n      <td>70</td>\n      <td>78</td>\n      <td>18.1</td>\n      <td>12</td>\n      <td>7041</td>\n      <td>60</td>\n    </tr>\n    <tr>\n      <th>1</th>\n      <td>Adelphi University</td>\n      <td>Yes</td>\n      <td>2186</td>\n      <td>1924</td>\n      <td>512</td>\n      <td>16</td>\n      <td>29</td>\n      <td>2683</td>\n      <td>1227</td>\n      <td>12280</td>\n      <td>6450</td>\n      <td>750</td>\n      <td>1500</td>\n      <td>29</td>\n      <td>30</td>\n      <td>12.2</td>\n      <td>16</td>\n      <td>10527</td>\n      <td>56</td>\n    </tr>\n    <tr>\n      <th>2</th>\n      <td>Adrian College</td>\n      <td>Yes</td>\n      <td>1428</td>\n      <td>1097</td>\n      <td>336</td>\n      <td>22</td>\n      <td>50</td>\n      <td>1036</td>\n      <td>99</td>\n      <td>11250</td>\n      <td>3750</td>\n      <td>400</td>\n      <td>1165</td>\n      <td>53</td>\n      <td>66</td>\n      <td>12.9</td>\n      <td>30</td>\n      <td>8735</td>\n      <td>54</td>\n    </tr>\n    <tr>\n      <th>3</th>\n      <td>Agnes Scott College</td>\n      <td>Yes</td>\n      <td>417</td>\n      <td>349</td>\n      <td>137</td>\n      <td>60</td>\n      <td>89</td>\n      <td>510</td>\n      <td>63</td>\n      <td>12960</td>\n      <td>5450</td>\n      <td>450</td>\n      <td>875</td>\n      <td>92</td>\n      <td>97</td>\n      <td>7.7</td>\n      <td>37</td>\n      <td>19016</td>\n      <td>59</td>\n    </tr>\n    <tr>\n      <th>4</th>\n      <td>Alaska Pacific University</td>\n      <td>Yes</td>\n      <td>193</td>\n      <td>146</td>\n      <td>55</td>\n      <td>16</td>\n      <td>44</td>\n      <td>249</td>\n      <td>869</td>\n      <td>7560</td>\n      <td>4120</td>\n      <td>800</td>\n      <td>1500</td>\n      <td>76</td>\n      <td>72</td>\n      <td>11.9</td>\n      <td>2</td>\n      <td>10922</td>\n      <td>15</td>\n    </tr>\n  </tbody>\n</table>\n</div>"
     },
     "metadata": {},
     "execution_count": 3
    }
   ],
   "source": [
    "college_data.rename(columns={college_data.columns[0]:\"University\"}, inplace=True)\n",
    "college_data.Private = college_data.Private.astype('category')\n",
    "college_data.head()"
   ]
  },
  {
   "cell_type": "code",
   "execution_count": 4,
   "metadata": {},
   "outputs": [
    {
     "output_type": "execute_result",
     "data": {
      "text/plain": [
       "               Apps        Accept       Enroll   Top10perc   Top25perc  \\\n",
       "count    777.000000    777.000000   777.000000  777.000000  777.000000   \n",
       "mean    3001.638353   2018.804376   779.972973   27.558559   55.796654   \n",
       "std     3870.201484   2451.113971   929.176190   17.640364   19.804778   \n",
       "min       81.000000     72.000000    35.000000    1.000000    9.000000   \n",
       "25%      776.000000    604.000000   242.000000   15.000000   41.000000   \n",
       "50%     1558.000000   1110.000000   434.000000   23.000000   54.000000   \n",
       "75%     3624.000000   2424.000000   902.000000   35.000000   69.000000   \n",
       "max    48094.000000  26330.000000  6392.000000   96.000000  100.000000   \n",
       "\n",
       "        F.Undergrad   P.Undergrad      Outstate   Room.Board        Books  \\\n",
       "count    777.000000    777.000000    777.000000   777.000000   777.000000   \n",
       "mean    3699.907336    855.298584  10440.669241  4357.526384   549.380952   \n",
       "std     4850.420531   1522.431887   4023.016484  1096.696416   165.105360   \n",
       "min      139.000000      1.000000   2340.000000  1780.000000    96.000000   \n",
       "25%      992.000000     95.000000   7320.000000  3597.000000   470.000000   \n",
       "50%     1707.000000    353.000000   9990.000000  4200.000000   500.000000   \n",
       "75%     4005.000000    967.000000  12925.000000  5050.000000   600.000000   \n",
       "max    31643.000000  21836.000000  21700.000000  8124.000000  2340.000000   \n",
       "\n",
       "          Personal         PhD    Terminal   S.F.Ratio  perc.alumni  \\\n",
       "count   777.000000  777.000000  777.000000  777.000000   777.000000   \n",
       "mean   1340.642214   72.660232   79.702703   14.089704    22.743887   \n",
       "std     677.071454   16.328155   14.722359    3.958349    12.391801   \n",
       "min     250.000000    8.000000   24.000000    2.500000     0.000000   \n",
       "25%     850.000000   62.000000   71.000000   11.500000    13.000000   \n",
       "50%    1200.000000   75.000000   82.000000   13.600000    21.000000   \n",
       "75%    1700.000000   85.000000   92.000000   16.500000    31.000000   \n",
       "max    6800.000000  103.000000  100.000000   39.800000    64.000000   \n",
       "\n",
       "             Expend  Grad.Rate  \n",
       "count    777.000000  777.00000  \n",
       "mean    9660.171171   65.46332  \n",
       "std     5221.768440   17.17771  \n",
       "min     3186.000000   10.00000  \n",
       "25%     6751.000000   53.00000  \n",
       "50%     8377.000000   65.00000  \n",
       "75%    10830.000000   78.00000  \n",
       "max    56233.000000  118.00000  "
      ],
      "text/html": "<div>\n<style scoped>\n    .dataframe tbody tr th:only-of-type {\n        vertical-align: middle;\n    }\n\n    .dataframe tbody tr th {\n        vertical-align: top;\n    }\n\n    .dataframe thead th {\n        text-align: right;\n    }\n</style>\n<table border=\"1\" class=\"dataframe\">\n  <thead>\n    <tr style=\"text-align: right;\">\n      <th></th>\n      <th>Apps</th>\n      <th>Accept</th>\n      <th>Enroll</th>\n      <th>Top10perc</th>\n      <th>Top25perc</th>\n      <th>F.Undergrad</th>\n      <th>P.Undergrad</th>\n      <th>Outstate</th>\n      <th>Room.Board</th>\n      <th>Books</th>\n      <th>Personal</th>\n      <th>PhD</th>\n      <th>Terminal</th>\n      <th>S.F.Ratio</th>\n      <th>perc.alumni</th>\n      <th>Expend</th>\n      <th>Grad.Rate</th>\n    </tr>\n  </thead>\n  <tbody>\n    <tr>\n      <th>count</th>\n      <td>777.000000</td>\n      <td>777.000000</td>\n      <td>777.000000</td>\n      <td>777.000000</td>\n      <td>777.000000</td>\n      <td>777.000000</td>\n      <td>777.000000</td>\n      <td>777.000000</td>\n      <td>777.000000</td>\n      <td>777.000000</td>\n      <td>777.000000</td>\n      <td>777.000000</td>\n      <td>777.000000</td>\n      <td>777.000000</td>\n      <td>777.000000</td>\n      <td>777.000000</td>\n      <td>777.00000</td>\n    </tr>\n    <tr>\n      <th>mean</th>\n      <td>3001.638353</td>\n      <td>2018.804376</td>\n      <td>779.972973</td>\n      <td>27.558559</td>\n      <td>55.796654</td>\n      <td>3699.907336</td>\n      <td>855.298584</td>\n      <td>10440.669241</td>\n      <td>4357.526384</td>\n      <td>549.380952</td>\n      <td>1340.642214</td>\n      <td>72.660232</td>\n      <td>79.702703</td>\n      <td>14.089704</td>\n      <td>22.743887</td>\n      <td>9660.171171</td>\n      <td>65.46332</td>\n    </tr>\n    <tr>\n      <th>std</th>\n      <td>3870.201484</td>\n      <td>2451.113971</td>\n      <td>929.176190</td>\n      <td>17.640364</td>\n      <td>19.804778</td>\n      <td>4850.420531</td>\n      <td>1522.431887</td>\n      <td>4023.016484</td>\n      <td>1096.696416</td>\n      <td>165.105360</td>\n      <td>677.071454</td>\n      <td>16.328155</td>\n      <td>14.722359</td>\n      <td>3.958349</td>\n      <td>12.391801</td>\n      <td>5221.768440</td>\n      <td>17.17771</td>\n    </tr>\n    <tr>\n      <th>min</th>\n      <td>81.000000</td>\n      <td>72.000000</td>\n      <td>35.000000</td>\n      <td>1.000000</td>\n      <td>9.000000</td>\n      <td>139.000000</td>\n      <td>1.000000</td>\n      <td>2340.000000</td>\n      <td>1780.000000</td>\n      <td>96.000000</td>\n      <td>250.000000</td>\n      <td>8.000000</td>\n      <td>24.000000</td>\n      <td>2.500000</td>\n      <td>0.000000</td>\n      <td>3186.000000</td>\n      <td>10.00000</td>\n    </tr>\n    <tr>\n      <th>25%</th>\n      <td>776.000000</td>\n      <td>604.000000</td>\n      <td>242.000000</td>\n      <td>15.000000</td>\n      <td>41.000000</td>\n      <td>992.000000</td>\n      <td>95.000000</td>\n      <td>7320.000000</td>\n      <td>3597.000000</td>\n      <td>470.000000</td>\n      <td>850.000000</td>\n      <td>62.000000</td>\n      <td>71.000000</td>\n      <td>11.500000</td>\n      <td>13.000000</td>\n      <td>6751.000000</td>\n      <td>53.00000</td>\n    </tr>\n    <tr>\n      <th>50%</th>\n      <td>1558.000000</td>\n      <td>1110.000000</td>\n      <td>434.000000</td>\n      <td>23.000000</td>\n      <td>54.000000</td>\n      <td>1707.000000</td>\n      <td>353.000000</td>\n      <td>9990.000000</td>\n      <td>4200.000000</td>\n      <td>500.000000</td>\n      <td>1200.000000</td>\n      <td>75.000000</td>\n      <td>82.000000</td>\n      <td>13.600000</td>\n      <td>21.000000</td>\n      <td>8377.000000</td>\n      <td>65.00000</td>\n    </tr>\n    <tr>\n      <th>75%</th>\n      <td>3624.000000</td>\n      <td>2424.000000</td>\n      <td>902.000000</td>\n      <td>35.000000</td>\n      <td>69.000000</td>\n      <td>4005.000000</td>\n      <td>967.000000</td>\n      <td>12925.000000</td>\n      <td>5050.000000</td>\n      <td>600.000000</td>\n      <td>1700.000000</td>\n      <td>85.000000</td>\n      <td>92.000000</td>\n      <td>16.500000</td>\n      <td>31.000000</td>\n      <td>10830.000000</td>\n      <td>78.00000</td>\n    </tr>\n    <tr>\n      <th>max</th>\n      <td>48094.000000</td>\n      <td>26330.000000</td>\n      <td>6392.000000</td>\n      <td>96.000000</td>\n      <td>100.000000</td>\n      <td>31643.000000</td>\n      <td>21836.000000</td>\n      <td>21700.000000</td>\n      <td>8124.000000</td>\n      <td>2340.000000</td>\n      <td>6800.000000</td>\n      <td>103.000000</td>\n      <td>100.000000</td>\n      <td>39.800000</td>\n      <td>64.000000</td>\n      <td>56233.000000</td>\n      <td>118.00000</td>\n    </tr>\n  </tbody>\n</table>\n</div>"
     },
     "metadata": {},
     "execution_count": 4
    }
   ],
   "source": [
    "college_data.describe()"
   ]
  },
  {
   "cell_type": "markdown",
   "metadata": {},
   "source": [
    "Check for missing values."
   ]
  },
  {
   "cell_type": "code",
   "execution_count": 5,
   "metadata": {},
   "outputs": [
    {
     "output_type": "execute_result",
     "data": {
      "text/plain": [
       "0"
      ]
     },
     "metadata": {},
     "execution_count": 5
    }
   ],
   "source": [
    "college_data.isna().sum().sum()"
   ]
  },
  {
   "source": [
    "There are no missing values we need to take care of. We can move forward with visualizing the data."
   ],
   "cell_type": "markdown",
   "metadata": {}
  },
  {
   "cell_type": "code",
   "execution_count": 6,
   "metadata": {},
   "outputs": [
    {
     "output_type": "display_data",
     "data": {
      "application/vnd.plotly.v1+json": {
       "config": {
        "plotlyServerURL": "https://plot.ly"
       },
       "data": [
        {
         "coloraxis": "coloraxis",
         "hovertemplate": "x: %{x}<br>y: %{y}<br>color: %{z}<extra></extra>",
         "type": "heatmap",
         "x": [
          "Apps",
          "Accept",
          "Enroll",
          "Top10perc",
          "Top25perc",
          "F.Undergrad",
          "P.Undergrad",
          "Outstate",
          "Room.Board",
          "Books",
          "Personal",
          "PhD",
          "Terminal",
          "S.F.Ratio",
          "perc.alumni",
          "Expend",
          "Grad.Rate"
         ],
         "y": [
          "Apps",
          "Accept",
          "Enroll",
          "Top10perc",
          "Top25perc",
          "F.Undergrad",
          "P.Undergrad",
          "Outstate",
          "Room.Board",
          "Books",
          "Personal",
          "PhD",
          "Terminal",
          "S.F.Ratio",
          "perc.alumni",
          "Expend",
          "Grad.Rate"
         ],
         "z": [
          [
           1,
           0.9434505720431929,
           0.8468220502434366,
           0.33883367935156233,
           0.351639896876476,
           0.8144905798759254,
           0.39826427263575565,
           0.05015903376342105,
           0.16493895927340696,
           0.13255859836456807,
           0.1787308451958012,
           0.3906973331482773,
           0.36949147279234223,
           0.0956330285314271,
           -0.09022588600252436,
           0.2595919774596289,
           0.14675459955109232
          ],
          [
           0.9434505720431929,
           1,
           0.9116366634040101,
           0.1924469276658927,
           0.24747574169744782,
           0.8742232775200599,
           0.44127073258880745,
           -0.025754546603315342,
           0.09089863110941221,
           0.11352535170549174,
           0.20098866688598016,
           0.3557578755251192,
           0.33758337058949117,
           0.17622901352554007,
           -0.15998986561873557,
           0.12471701185694586,
           0.06731254983602436
          ],
          [
           0.8468220502434366,
           0.9116366634040101,
           1,
           0.18129352834466517,
           0.2267451069963109,
           0.9646396519522417,
           0.5130686034415672,
           -0.15547734472912708,
           -0.04023168372488635,
           0.11271089080154062,
           0.28092946067081587,
           0.3314691413502472,
           0.30827407138073254,
           0.237271310147069,
           -0.1807941299819087,
           0.06416922814093852,
           -0.02234103863994843
          ],
          [
           0.33883367935156233,
           0.1924469276658927,
           0.18129352834466517,
           1,
           0.8919949726786708,
           0.1412887282968652,
           -0.10535628167212129,
           0.5623305446783817,
           0.37148037817463647,
           0.11885843127394632,
           -0.09331639721204313,
           0.5318280208993889,
           0.4911350233733549,
           -0.3848745113953598,
           0.4554852609641207,
           0.6609134072824764,
           0.4949892348013397
          ],
          [
           0.351639896876476,
           0.24747574169744782,
           0.2267451069963109,
           0.8919949726786708,
           1,
           0.19944465587998275,
           -0.05357664347810956,
           0.4893938320720885,
           0.3314898888157453,
           0.11552712972927713,
           -0.08081026908733052,
           0.5458622079936074,
           0.5247488385031341,
           -0.29462884111002136,
           0.41786428523670205,
           0.5274474262161,
           0.4772811643757831
          ],
          [
           0.8144905798759254,
           0.8742232775200599,
           0.9646396519522417,
           0.1412887282968652,
           0.19944465587998275,
           1,
           0.5705121869790896,
           -0.2157419987704194,
           -0.06889039190439895,
           0.11554976113101581,
           0.31719954433002145,
           0.31833697235058706,
           0.30001894318122224,
           0.2797033470537346,
           -0.22946222127153773,
           0.018651618550243425,
           -0.07877312893232166
          ],
          [
           0.39826427263575565,
           0.44127073258880745,
           0.5130686034415672,
           -0.10535628167212129,
           -0.05357664347810956,
           0.5705121869790896,
           1,
           -0.25351231785867645,
           -0.06132550683247188,
           0.08119952050404157,
           0.3198816174693279,
           0.1491142152073852,
           0.1419035730789712,
           0.23253051169288494,
           -0.2807923621545132,
           -0.08356842423283212,
           -0.25700099074811256
          ],
          [
           0.05015903376342105,
           -0.025754546603315342,
           -0.15547734472912708,
           0.5623305446783817,
           0.4893938320720885,
           -0.2157419987704194,
           -0.25351231785867645,
           1,
           0.6542563987455783,
           0.038854868180702974,
           -0.29908689906543523,
           0.38298240585231735,
           0.40798319938018424,
           -0.5548212765797106,
           0.5662624226830495,
           0.672778618960898,
           0.5712899282482016
          ],
          [
           0.16493895927340696,
           0.09089863110941221,
           -0.04023168372488635,
           0.37148037817463647,
           0.3314898888157453,
           -0.06889039190439895,
           -0.06132550683247188,
           0.6542563987455783,
           1,
           0.12796296987089284,
           -0.19942818085131153,
           0.32920228371604815,
           0.374539547311753,
           -0.36262773568878626,
           0.27236345254428224,
           0.50173941719186,
           0.42494154129996226
          ],
          [
           0.13255859836456807,
           0.11352535170549174,
           0.11271089080154062,
           0.11885843127394632,
           0.11552712972927713,
           0.11554976113101581,
           0.08119952050404157,
           0.038854868180702974,
           0.12796296987089284,
           1,
           0.17929476353816615,
           0.026905730958091484,
           0.09995469974492678,
           -0.031929274262487296,
           -0.04020773604406472,
           0.11240907525214447,
           0.0010608943965531275
          ],
          [
           0.1787308451958012,
           0.20098866688598016,
           0.28092946067081587,
           -0.09331639721204313,
           -0.08081026908733052,
           0.31719954433002145,
           0.3198816174693279,
           -0.29908689906543523,
           -0.19942818085131153,
           0.17929476353816615,
           1,
           -0.010935793965758056,
           -0.030613109085466644,
           0.1363448333146175,
           -0.2859680816379327,
           -0.09789189339731354,
           -0.26934396424987245
          ],
          [
           0.3906973331482773,
           0.3557578755251192,
           0.3314691413502472,
           0.5318280208993889,
           0.5458622079936074,
           0.31833697235058706,
           0.1491142152073852,
           0.38298240585231735,
           0.32920228371604815,
           0.026905730958091484,
           -0.010935793965758056,
           1,
           0.8495870298679323,
           -0.13053011455532376,
           0.24900865824013008,
           0.4327616787126463,
           0.3050378500234113
          ],
          [
           0.36949147279234223,
           0.33758337058949117,
           0.30827407138073254,
           0.4911350233733549,
           0.5247488385031341,
           0.30001894318122224,
           0.1419035730789712,
           0.40798319938018424,
           0.374539547311753,
           0.09995469974492678,
           -0.030613109085466644,
           0.8495870298679323,
           1,
           -0.1601039535015759,
           0.26713029063742505,
           0.4387992227212037,
           0.289527231525837
          ],
          [
           0.0956330285314271,
           0.17622901352554007,
           0.237271310147069,
           -0.3848745113953598,
           -0.29462884111002136,
           0.2797033470537346,
           0.23253051169288494,
           -0.5548212765797106,
           -0.36262773568878626,
           -0.031929274262487296,
           0.1363448333146175,
           -0.13053011455532376,
           -0.1601039535015759,
           1,
           -0.40292916569842485,
           -0.5838320415937047,
           -0.30671040532694477
          ],
          [
           -0.09022588600252436,
           -0.15998986561873557,
           -0.1807941299819087,
           0.4554852609641207,
           0.41786428523670205,
           -0.22946222127153773,
           -0.2807923621545132,
           0.5662624226830495,
           0.27236345254428224,
           -0.04020773604406472,
           -0.2859680816379327,
           0.24900865824013008,
           0.26713029063742505,
           -0.40292916569842485,
           1,
           0.41771171916792105,
           0.49089756228472076
          ],
          [
           0.2595919774596289,
           0.12471701185694586,
           0.06416922814093852,
           0.6609134072824764,
           0.5274474262161,
           0.018651618550243425,
           -0.08356842423283212,
           0.672778618960898,
           0.50173941719186,
           0.11240907525214447,
           -0.09789189339731354,
           0.4327616787126463,
           0.4387992227212037,
           -0.5838320415937047,
           0.41771171916792105,
           1,
           0.390342695859389
          ],
          [
           0.14675459955109232,
           0.06731254983602436,
           -0.02234103863994843,
           0.4949892348013397,
           0.4772811643757831,
           -0.07877312893232166,
           -0.25700099074811256,
           0.5712899282482016,
           0.42494154129996226,
           0.0010608943965531275,
           -0.26934396424987245,
           0.3050378500234113,
           0.289527231525837,
           -0.30671040532694477,
           0.49089756228472076,
           0.390342695859389,
           1
          ]
         ]
        }
       ],
       "layout": {
        "coloraxis": {
         "colorscale": [
          [
           0,
           "rgb(5,48,97)"
          ],
          [
           0.1,
           "rgb(33,102,172)"
          ],
          [
           0.2,
           "rgb(67,147,195)"
          ],
          [
           0.3,
           "rgb(146,197,222)"
          ],
          [
           0.4,
           "rgb(209,229,240)"
          ],
          [
           0.5,
           "rgb(247,247,247)"
          ],
          [
           0.6,
           "rgb(253,219,199)"
          ],
          [
           0.7,
           "rgb(244,165,130)"
          ],
          [
           0.8,
           "rgb(214,96,77)"
          ],
          [
           0.9,
           "rgb(178,24,43)"
          ],
          [
           1,
           "rgb(103,0,31)"
          ]
         ]
        },
        "margin": {
         "t": 60
        },
        "template": {
         "data": {
          "bar": [
           {
            "error_x": {
             "color": "#2a3f5f"
            },
            "error_y": {
             "color": "#2a3f5f"
            },
            "marker": {
             "line": {
              "color": "#E5ECF6",
              "width": 0.5
             }
            },
            "type": "bar"
           }
          ],
          "barpolar": [
           {
            "marker": {
             "line": {
              "color": "#E5ECF6",
              "width": 0.5
             }
            },
            "type": "barpolar"
           }
          ],
          "carpet": [
           {
            "aaxis": {
             "endlinecolor": "#2a3f5f",
             "gridcolor": "white",
             "linecolor": "white",
             "minorgridcolor": "white",
             "startlinecolor": "#2a3f5f"
            },
            "baxis": {
             "endlinecolor": "#2a3f5f",
             "gridcolor": "white",
             "linecolor": "white",
             "minorgridcolor": "white",
             "startlinecolor": "#2a3f5f"
            },
            "type": "carpet"
           }
          ],
          "choropleth": [
           {
            "colorbar": {
             "outlinewidth": 0,
             "ticks": ""
            },
            "type": "choropleth"
           }
          ],
          "contour": [
           {
            "colorbar": {
             "outlinewidth": 0,
             "ticks": ""
            },
            "colorscale": [
             [
              0,
              "#0d0887"
             ],
             [
              0.1111111111111111,
              "#46039f"
             ],
             [
              0.2222222222222222,
              "#7201a8"
             ],
             [
              0.3333333333333333,
              "#9c179e"
             ],
             [
              0.4444444444444444,
              "#bd3786"
             ],
             [
              0.5555555555555556,
              "#d8576b"
             ],
             [
              0.6666666666666666,
              "#ed7953"
             ],
             [
              0.7777777777777778,
              "#fb9f3a"
             ],
             [
              0.8888888888888888,
              "#fdca26"
             ],
             [
              1,
              "#f0f921"
             ]
            ],
            "type": "contour"
           }
          ],
          "contourcarpet": [
           {
            "colorbar": {
             "outlinewidth": 0,
             "ticks": ""
            },
            "type": "contourcarpet"
           }
          ],
          "heatmap": [
           {
            "colorbar": {
             "outlinewidth": 0,
             "ticks": ""
            },
            "colorscale": [
             [
              0,
              "#0d0887"
             ],
             [
              0.1111111111111111,
              "#46039f"
             ],
             [
              0.2222222222222222,
              "#7201a8"
             ],
             [
              0.3333333333333333,
              "#9c179e"
             ],
             [
              0.4444444444444444,
              "#bd3786"
             ],
             [
              0.5555555555555556,
              "#d8576b"
             ],
             [
              0.6666666666666666,
              "#ed7953"
             ],
             [
              0.7777777777777778,
              "#fb9f3a"
             ],
             [
              0.8888888888888888,
              "#fdca26"
             ],
             [
              1,
              "#f0f921"
             ]
            ],
            "type": "heatmap"
           }
          ],
          "heatmapgl": [
           {
            "colorbar": {
             "outlinewidth": 0,
             "ticks": ""
            },
            "colorscale": [
             [
              0,
              "#0d0887"
             ],
             [
              0.1111111111111111,
              "#46039f"
             ],
             [
              0.2222222222222222,
              "#7201a8"
             ],
             [
              0.3333333333333333,
              "#9c179e"
             ],
             [
              0.4444444444444444,
              "#bd3786"
             ],
             [
              0.5555555555555556,
              "#d8576b"
             ],
             [
              0.6666666666666666,
              "#ed7953"
             ],
             [
              0.7777777777777778,
              "#fb9f3a"
             ],
             [
              0.8888888888888888,
              "#fdca26"
             ],
             [
              1,
              "#f0f921"
             ]
            ],
            "type": "heatmapgl"
           }
          ],
          "histogram": [
           {
            "marker": {
             "colorbar": {
              "outlinewidth": 0,
              "ticks": ""
             }
            },
            "type": "histogram"
           }
          ],
          "histogram2d": [
           {
            "colorbar": {
             "outlinewidth": 0,
             "ticks": ""
            },
            "colorscale": [
             [
              0,
              "#0d0887"
             ],
             [
              0.1111111111111111,
              "#46039f"
             ],
             [
              0.2222222222222222,
              "#7201a8"
             ],
             [
              0.3333333333333333,
              "#9c179e"
             ],
             [
              0.4444444444444444,
              "#bd3786"
             ],
             [
              0.5555555555555556,
              "#d8576b"
             ],
             [
              0.6666666666666666,
              "#ed7953"
             ],
             [
              0.7777777777777778,
              "#fb9f3a"
             ],
             [
              0.8888888888888888,
              "#fdca26"
             ],
             [
              1,
              "#f0f921"
             ]
            ],
            "type": "histogram2d"
           }
          ],
          "histogram2dcontour": [
           {
            "colorbar": {
             "outlinewidth": 0,
             "ticks": ""
            },
            "colorscale": [
             [
              0,
              "#0d0887"
             ],
             [
              0.1111111111111111,
              "#46039f"
             ],
             [
              0.2222222222222222,
              "#7201a8"
             ],
             [
              0.3333333333333333,
              "#9c179e"
             ],
             [
              0.4444444444444444,
              "#bd3786"
             ],
             [
              0.5555555555555556,
              "#d8576b"
             ],
             [
              0.6666666666666666,
              "#ed7953"
             ],
             [
              0.7777777777777778,
              "#fb9f3a"
             ],
             [
              0.8888888888888888,
              "#fdca26"
             ],
             [
              1,
              "#f0f921"
             ]
            ],
            "type": "histogram2dcontour"
           }
          ],
          "mesh3d": [
           {
            "colorbar": {
             "outlinewidth": 0,
             "ticks": ""
            },
            "type": "mesh3d"
           }
          ],
          "parcoords": [
           {
            "line": {
             "colorbar": {
              "outlinewidth": 0,
              "ticks": ""
             }
            },
            "type": "parcoords"
           }
          ],
          "pie": [
           {
            "automargin": true,
            "type": "pie"
           }
          ],
          "scatter": [
           {
            "marker": {
             "colorbar": {
              "outlinewidth": 0,
              "ticks": ""
             }
            },
            "type": "scatter"
           }
          ],
          "scatter3d": [
           {
            "line": {
             "colorbar": {
              "outlinewidth": 0,
              "ticks": ""
             }
            },
            "marker": {
             "colorbar": {
              "outlinewidth": 0,
              "ticks": ""
             }
            },
            "type": "scatter3d"
           }
          ],
          "scattercarpet": [
           {
            "marker": {
             "colorbar": {
              "outlinewidth": 0,
              "ticks": ""
             }
            },
            "type": "scattercarpet"
           }
          ],
          "scattergeo": [
           {
            "marker": {
             "colorbar": {
              "outlinewidth": 0,
              "ticks": ""
             }
            },
            "type": "scattergeo"
           }
          ],
